210	2.556031	0.175145
211	2.548539	0.166812
212	2.541054	0.158869
213	2.533593	0.151299
214	2.526166	0.144087
215	2.518785	0.137216
216	2.51146		0.130671
217	2.504199	0.124437
218	2.497009	0.1185
219	2.489896	0.112845
220	2.482866	0.107459
221	2.475923	0.10233
222	2.46907		0.097444
223	2.462312	0.09279
224	2.455651	0.088357
225	2.449088	0.084135
226	2.442624	0.080112
227	2.436262	0.076279
228	2.430002	0.072627
229	2.423844	0.069147
230	2.417788	0.06583
231	2.411834	0.062669
232	2.405983	0.059656
233	2.400232	0.056783
234	2.394582	0.054045
235	2.389031	0.051434
236	2.383579	0.048944
237	2.378225	0.046569
238	2.372967	0.044305
239	2.367804	0.042145
240	2.362734	0.040084
241	2.357757	0.038119
242	2.35287		0.036244
243	2.348073	0.034454
244	2.343364	0.032747
245	2.33874		0.031118
246	2.334202	0.029564
247	2.329747	0.028081
248	2.325373	0.026665
249	2.32108		0.025314
250	2.316865	0.024025
251	2.312727	0.022795
252	2.308665	0.021621
253	2.304676	0.020501
254	2.300761	0.019431
255	2.296916	0.018411
256	2.293141	0.017438
257	2.289434	0.016509
258	2.285794	0.015622
259	2.282219	0.014777
260	2.278708	0.013971
261	2.27526		0.013201
262	2.271874	0.012468
263	2.268548	0.011768
264	2.26528		0.011102
265	2.26207		0.010466
266	2.258917	0.00986
267	2.255818	0.009283
268	2.252774	0.008733
269	2.249783	0.00821
270	2.246844	0.007711
271	2.243955	0.007237
272	2.241117	0.006785
273	2.238327	0.006356
274	2.235584	0.005948
275	2.232888	0.00556
276	2.230238	0.005191
277	2.227633	0.004841
278	2.225072	0.004509
279	2.222553	0.004194
280	2.220077	0.003895
281	2.217642	0.003612
282	2.215247	0.003345
283	2.212892	0.003091
284	2.210576	0.002852
285	2.208298	0.002626
286	2.206057	0.002412
287	2.203853	0.002211
288	2.201684	0.002022
289	2.199551	0.001843
290	2.197452	0.001676
291	2.195387	0.001519
292	2.193355	0.001372
293	2.191355	0.001235
294	2.189388	0.001107
295	2.187451	0.000988
296	2.185546	0.000877
297	2.183671	0.000774
298	2.181825	0.000679
299	2.180008	0.000592
300	2.17822		0.000511
301	2.17646		0.000438
302	2.174727	0.000371
303	2.173022	0.000311
304	2.171344	0.000257
305	2.169691	0.000208
306	2.168064	0.000166
307	2.166463	0.000128
308	2.164887	0.000096
309	2.163336	0.000069
310	2.161809	0.000047
311	2.160306	0.000029
312	2.158827	0.000016
313	2.157371	0.000006
314	2.15594		0.000001
315	2.154533	0
316	2.153151	0
317	2.151792	0
318	2.150454	0
319	2.149137	0
320	2.14784	0
321	2.146562	0
322	2.145303	0
323	2.144061	0
324	2.142838	0
325	2.141631	0
326	2.140442	0
327	2.139268	0
328	2.138111	0
329	2.136969	0
330	2.135843	0
331	2.134731	0
332	2.133634	0
333	2.132551	0
334	2.131482	0
335	2.130427	0
336	2.129385	0
337	2.128357	0
338	2.127341	0
339	2.126338	0
340	2.125347	0
341	2.124368	0
342	2.123402	0
343	2.122447	0
344	2.121503	0
345	2.120571	0
346	2.119649	0
347	2.118739	0
348	2.117839	0
349	2.11695		0
350	2.11607		0
351	2.115201	0
352	2.114342	0
353	2.113493	0
354	2.112653	0
355	2.111823	0
356	2.111001	0
357	2.11019		0
358	2.109386	0
359	2.108592	0
360	2.107807	0
361	2.10703		0
362	2.106261	0
363	2.105501	0
364	2.104748	0
365	2.104004	0
366	2.103268	0
367	2.102539	0
368	2.101818	0
369	2.101105	0
370	2.100399	0
371	2.0997		0
372	2.099008	0
373	2.098324	0
374	2.097646	0
375	2.096975	0
376	2.096311	0
377	2.095654	0
378	2.095003	0
379	2.094359	0
380	2.093721	0
381	2.093089	0
382	2.092464	0
383	2.091845	0
384	2.091231	0
385	2.090624	0
386	2.090022	0
387	2.089427	0
388	2.088836	0
389	2.088252	0
390	2.087673	0
391	2.0871		0
392	2.086532	0
393	2.085969	0
394	2.085411	0
395	2.084859	0
396	2.084312	0
397	2.083769	0
398	2.083232	0
399	2.0827		0
400	2.082172	0
401	2.08165		0
402	2.081132	0
403	2.080618	0
404	2.080109	0
405	2.079605	0
406	2.079105	0
407	2.07861		0
408	2.078119	0
409	2.077632	0
410	2.07715		0
411	2.076672	0
412	2.076198	0
413	2.075728	0
414	2.075262	0
415	2.0748		0
416	2.074342	0
417	2.073888	0
418	2.073438	0
419	2.072992	0
420	2.072549	0
421	2.07211		0
422	2.071675	0
423	2.071243	0
424	2.070815	0
425	2.070391	0
426	2.06997		0
427	2.069552	0
428	2.069138	0
429	2.068727	0
430	2.06832		0
431	2.067916	0
432	2.067515	0
433	2.067117	0
434	2.066723	0
435	2.066332	0
436	2.065944	0
437	2.065559	0
438	2.065177	0
439	2.064798	0
440	2.064422	0
441	2.064049	0
442	2.063679	0
443	2.063312	0
444	2.062947	0
445	2.062586	0
446	2.062227	0
447	2.061871	0
448	2.061517	0
449	2.061167	0
450	2.060819	0
451	2.060474	0
452	2.060131	0
453	2.059791	0
454	2.059453	0
455	2.059119	0
456	2.058786	0
457	2.058456	0
458	2.058129	0
459	2.057803	0
460	2.057481	0
461	2.05716		0
462	2.056842	0
463	2.056527	0
464	2.056213	0
465	2.055902	0
466	2.055593	0
467	2.055287	0
468	2.054982	0
469	2.05468		0
470	2.05438		0
471	2.054082	0
472	2.053786	0
473	2.053493	0
474	2.053201	0
475	2.052912	0
476	2.052624	0
477	2.052339	0
478	2.052055	0
479	2.051774	0
480	2.051494	0
481	2.051216	0
482	2.050941	0
483	2.050667	0
484	2.050395	0
485	2.050125	0
486	2.049857	0
487	2.04959		0
488	2.049326	0
489	2.049063	0
490	2.048802	0
491	2.048542	0
492	2.048285	0
493	2.048029	0
494	2.047775	0
495	2.047523	0
496	2.047272	0
497	2.047023	0
498	2.046776	0
499	2.04653		0
500	2.046286	0
501	2.046043	0
502	2.045802	0
503	2.045563	0
504	2.045325	0
505	2.045089	0
506	2.044854	0
507	2.044621	0
508	2.044389	0
509	2.044159	0
510	2.04393		0
511	2.043703	0
512	2.043477	0
513	2.043252	0
514	2.04303		0
515	2.042808	0
516	2.042588	0
517	2.042369	0
518	2.042151	0
519	2.041935	0
520	2.04172		0
521	2.041507	0
522	2.041295	0
523	2.041084	0
524	2.040875	0
525	2.040666	0
526	2.04046		0
527	2.040254	0
528	2.04005		0
529	2.039846	0
530	2.039644	0
531	2.039444	0
532	2.039244	0
533	2.039046	0
534	2.038849	0
535	2.038653	0
536	2.038458	0
537	2.038265	0
538	2.038072	0
539	2.037881	0
540	2.037691	0
541	2.037502	0
542	2.037314	0
543	2.037127	0
544	2.036941	0
545	2.036757	0
546	2.036573	0
547	2.036391	0
548	2.036209	0
549	2.036029	0
550	2.035849	0
551	2.035671	0
552	2.035494	0
553	2.035317	0
554	2.035142	0
555	2.034968	0
556	2.034795	0
557	2.034622	0
558	2.034451	0
559	2.034281	0
560	2.034111	0
561	2.033943	0
562	2.033776	0
563	2.033609	0
564	2.033443	0
565	2.033279	0
566	2.033115	0
567	2.032952	0
568	2.03279		0
569	2.032629	0
570	2.032469	0
571	2.032309	0
572	2.032151	0
573	2.031993	0
574	2.031837	0
575	2.031681	0
576	2.031526	0
577	2.031372	0
578	2.031218	0
579	2.031066	0
580	2.030914	0
581	2.030763	0
582	2.030613	0
583	2.030464	0
584	2.030315	0
585	2.030168	0
586	2.030021	0
587	2.029875	0
588	2.029729	0
589	2.029584	0
590	2.029441	0
591	2.029298	0
592	2.029155	0
593	2.029014	0
594	2.028873	0
595	2.028733	0
596	2.028593	0
597	2.028454	0
598	2.028316	0
599	2.028179	0
600	2.028043	0
601	2.027907	0
602	2.027771	0
603	2.027637	0
604	2.027503	0
605	2.02737		0
606	2.027238	0
607	2.027106	0
608	2.026975	0
609	2.026844	0
610	2.026714	0
611	2.026585	0
612	2.026457	0
613	2.026329	0
614	2.026201	0
615	2.026075	0
616	2.025949	0
617	2.025824	0
618	2.025699	0
619	2.025575	0
620	2.025451	0
621	2.025328	0
622	2.025206	0
623	2.025084	0
624	2.024963	0
625	2.024843	0
626	2.024723	0
627	2.024603	0
628	2.024484	0
629	2.024366	0
630	2.024248	0
631	2.024131	0
632	2.024015	0
633	2.023899	0
634	2.023783	0
635	2.023668	0
636	2.023554	0
637	2.02344		0
638	2.023327	0
639	2.023214	0
640	2.023102	0
641	2.02299		0
642	2.022879	0
643	2.022768	0
644	2.022658	0
645	2.022548	0
646	2.022439	0
647	2.022331	0
648	2.022223	0
649	2.022115	0
650	2.022008	0
651	2.021901	0
652	2.021795	0
653	2.021689	0
654	2.021584	0
655	2.021479	0
656	2.021375	0
657	2.021271	0
658	2.021168	0
659	2.021065	0
660	2.020963	0
661	2.020861	0
662	2.020759	0
663	2.020658	0
664	2.020558	0
665	2.020458	0
666	2.020358	0
667	2.020259	0
668	2.02016		0
669	2.020061	0
670	2.019964	0
671	2.019866	0
672	2.019769	0
673	2.019672	0
674	2.019576	0
675	2.01948		0
676	2.019385	0
677	2.01929		0
678	2.019195	0
679	2.019101	0
680	2.019007	0
681	2.018914	0
682	2.018821	0
683	2.018728	0
684	2.018636	0
685	2.018544	0
686	2.018453	0
687	2.018362	0
688	2.018271	0
689	2.018181	0
690	2.018091	0
691	2.018001	0
692	2.017912	0
693	2.017823	0
694	2.017735	0
695	2.017647	0
696	2.017559	0
697	2.017472	0
698	2.017385	0
699	2.017299	0
700	2.017212	0
701	2.017127	0
702	2.017041	0
703	2.016956	0
704	2.016871	0
705	2.016787	0
706	2.016702	0
707	2.016618	0
708	2.016535	0
709	2.016452	0
710	2.016369	0
711	2.016287	0
712	2.016205	0
713	2.016123	0
714	2.016041	0
715	2.01596		0
716	2.015879	0
717	2.015799	0
718	2.015719	0
719	2.015639	0
720	2.015559	0
721	2.01548		0
722	2.015401	0
723	2.015322	0
724	2.015244	0
725	2.015166	0
726	2.015089	0
727	2.015011	0
728	2.014934	0
729	2.014857	0
730	2.014781	0
731	2.014704	0
732	2.014628	0
733	2.014553	0
734	2.014477	0
735	2.014402	0
736	2.014328	0
737	2.014253	0
738	2.014179	0
739	2.014105	0
740	2.014031	0
741	2.013958	0
742	2.013885	0
743	2.013812	0
744	2.01374		0
745	2.013667	0
746	2.013595	0
747	2.013524	0
748	2.013452	0
749	2.013381	0
750	2.01331		0
751	2.013239	0
752	2.013169	0
753	2.013099	0
754	2.013029	0
755	2.012959	0
756	2.01289		0
757	2.01282		0
758	2.012752	0
759	2.012683	0
760	2.012614	0
761	2.012546	0
762	2.012478	0
763	2.012411	0
764	2.012343	0
765	2.012276	0
766	2.012209	0
767	2.012142	0
768	2.012076	0
769	2.01201		0
770	2.011944	0
771	2.011878	0
772	2.011812	0
773	2.011747	0
774	2.011682	0
775	2.011617	0
776	2.011553	0
777	2.011488	0
778	2.011424	0
779	2.01136		0
780	2.011296	0
781	2.011233	0
782	2.01117		0
783	2.011106	0
784	2.011044	0
785	2.010981	0
786	2.010919	0
787	2.010856	0
788	2.010794	0
789	2.010733	0
790	2.010671	0
791	2.01061		0
792	2.010548	0
793	2.010487	0
794	2.010427	0
795	2.010366	0
796	2.010306	0
797	2.010246	0
798	2.010186	0
799	2.010126	0
800	2.010066	0
801	2.010007	0
802	2.009948	0
803	2.009889	0
804	2.00983		0
805	2.009772	0
806	2.009713	0
807	2.009655	0
808	2.009597	0
809	2.009539	0
810	2.009481	0
811	2.009424	0
812	2.009367	0
813	2.00931		0
814	2.009253	0
815	2.009196	0
816	2.00914		0
817	2.009083	0
818	2.009027	0
819	2.008971	0
820	2.008915	0
821	2.008859	0
822	2.008804	0
823	2.008749	0
824	2.008694	0
825	2.008639	0
826	2.008584	0
827	2.008529	0
828	2.008475	0
829	2.00842		0
830	2.008367	0
831	2.008312	0
832	2.008259	0
833	2.008205	0
834	2.008152	0
835	2.008099	0
836	2.008045	0
837	2.007993	0
838	2.00794		0
839	2.007887	0
840	2.007835	0
841	2.007782	0
842	2.00773		0
843	2.007678	0
844	2.007626	0
845	2.007575	0
846	2.007523	0
847	2.007472	0
848	2.007421	0
849	2.00737		0
850	2.007318	0
851	2.007268	0
852	2.007217	0
853	2.007167	0
854	2.007116	0
855	2.007066	0
856	2.007016	0
857	2.006966	0
858	2.006917	0
859	2.006867	0
860	2.006818	0
861	2.006768	0
862	2.006719	0
863	2.00667		0
864	2.006621	0
865	2.006572	0
866	2.006524	0
867	2.006475	0
868	2.006427	0
869	2.006379	0
870	2.006331	0
871	2.006283	0
872	2.006235	0
873	2.006188	0
874	2.00614		0
875	2.006093	0
876	2.006046	0
877	2.005998	0
878	2.005951	0
879	2.005905	0
880	2.005858	0
881	2.005811	0
882	2.005765	0
883	2.005718	0
884	2.005672	0
885	2.005626	0
886	2.00558		0
887	2.005535	0
888	2.005489	0
889	2.005443	0
890	2.005398	0
891	2.005352	0
892	2.005307	0
893	2.005262	0
894	2.005217	0
895	2.005172	0
896	2.005128	0
897	2.005083	0
898	2.005038	0
899	2.004994	0
900	2.00495		0
901	2.004906	0
902	2.004862	0
903	2.004818	0
904	2.004774	0
905	2.00473		0
906	2.004687	0
907	2.004643	0
908	2.0046		0
909	2.004557	0
910	2.004514	0
911	2.004471	0
912	2.004428	0
913	2.004385	0
914	2.004343	0
915	2.0043		0
916	2.004257	0
917	2.004215	0
918	2.004173	0
919	2.004131	0
920	2.004089	0
921	2.004047	0
922	2.004005	0
923	2.003963	0
924	2.003922	0
925	2.00388		0
926	2.003839	0
927	2.003798	0
928	2.003757	0
929	2.003715	0
930	2.003674	0
931	2.003633	0
932	2.003593	0
933	2.003552	0
934	2.003511	0
935	2.003471	0
936	2.003431	0
937	2.00339		0
938	2.00335		0
939	2.00331		0
940	2.00327		0
941	2.00323		0
942	2.00319		0
943	2.003151	0
944	2.003111	0
945	2.003072	0
946	2.003032	0
947	2.002993	0
948	2.002954	0
949	2.002914	0
950	2.002875	0
951	2.002836	0
952	2.002797	0
953	2.002759	0
954	2.00272		0
955	2.002681	0
956	2.002643	0
957	2.002604	0
958	2.002566	0
959	2.002528	0
960	2.00249		0
961	2.002452	0
962	2.002414	0
963	2.002376	0
964	2.002338	0
965	2.0023		0
966	2.002263	0
967	2.002225	0
968	2.002187	0
969	2.00215		0
970	2.002113	0
971	2.002076	0
972	2.002038	0
973	2.002001	0
974	2.001964	0
975	2.001928	0
976	2.001891	0
977	2.001854	0
978	2.001817	0
979	2.001781	0
980	2.001744	0
981	2.001708	0
982	2.001672	0
983	2.001635	0
984	2.001599	0
985	2.001563	0
986	2.001527	0
987	2.001491	0
988	2.001455	0
989	2.00142		0
990	2.001384	0
991	2.001348	0
992	2.001312	0
993	2.001277	0
994	2.001242	0
995	2.001206	0
996	2.001171	0
997	2.001136	0
998	2.001101	0
999	2.001066	0
1000	2.001031	0
1006	2.000823	0
1012	2.000617	0
1018	2.000413	0
1024	2.000212	0
1030	2.000014	0
1036	1.999818	0
1042	1.999624	0
1048	1.999432	0
1054	1.999242	0
1060	1.999054	0
1066	1.998868	0
1072	1.998684	0
1078	1.998502	0
1084	1.998322	0
1090	1.998144	0
1096	1.997967	0
1102	1.997792	0
1108	1.997619	0
1114	1.997447	0
1120	1.997277	0
1126	1.997108	0
1132	1.996941	0
1138	1.996776	0
1144	1.996611	0
1150	1.996448	0
1156	1.996287	0
1162	1.996126	0
1168	1.995967	0
1174	1.995809	0
1180	1.995653	0
1186	1.995497	0
1192	1.995343	0
1198	1.99519		0
1204	1.995038	0
1210	1.994887	0
1216	1.994736	0
1222	1.994587	0
1228	1.994439	0
1234	1.994292	0
1240	1.994146	0
1246	1.994		0
1252	1.993856	0
1258	1.993712	0
1264	1.993569	0
1270	1.993427	0
1276	1.993286	0
1282	1.993146	0
1288	1.993006	0
1294	1.992867	0
1300	1.992729	0
1306	1.992591	0
1312	1.992454	0
1318	1.992318	0
1324	1.992182	0
1330	1.992047	0
1336	1.991912	0
1342	1.991779	0
1348	1.991645	0
1354	1.991512	0
1360	1.99138		0
1366	1.991248	0
1372	1.991117	0
1378	1.990986	0
1384	1.990856	0
1390	1.990726	0
1396	1.990597	0
1402	1.990468	0
1408	1.990339	0
1414	1.990211	0
1420	1.990084	0
1426	1.989956	0
1432	1.989829	0
1438	1.989703	0
1444	1.989576	0
1450	1.98945		0
1456	1.989325	0
1462	1.989199	0
1468	1.989074	0
1474	1.98895		0
1480	1.988825	0
1486	1.988701	0
1492	1.988577	0
1498	1.988454	0
1504	1.98833		0
1510	1.988207	0
1516	1.988084	0
1522	1.987961	0
1528	1.987839	0
1534	1.987717	0
1540	1.987594	0
1546	1.987473	0
1552	1.987351	0
1558	1.987229	0
1564	1.987108	0
1570	1.986987	0
1576	1.986866	0
1582	1.986745	0
1588	1.986624	0
1594	1.986503	0
1600	1.986382	0
1606	1.986262	0
1612	1.986142	0
1618	1.986021	0
1624	1.985901	0
1630	1.985781	0
1636	1.985661	0
1642	1.985541	0
1648	1.985421	0
1654	1.985302	0
1660	1.985182	0
1666	1.985062	0
1672	1.984943	0
1678	1.984823	0
1684	1.984704	0
1690	1.984584	0
1696	1.984465	0
1702	1.984345	0
1708	1.984226	0
1714	1.984106	0
1720	1.983987	0
1726	1.983868	0
1732	1.983748	0
1738	1.983629	0
1744	1.983509	0
1750	1.98339		0
1756	1.98327		0
1762	1.983151	0
1768	1.983032	0
1774	1.982912	0
1780	1.982792	0
1786	1.982673	0
1792	1.982553	0
1798	1.982434	0
1804	1.982314	0
1810	1.982194	0
1816	1.982074	0
1822	1.981954	0
1828	1.981834	0
1834	1.981714	0
1840	1.981594	0
1846	1.981474	0
1852	1.981354	0
1858	1.981233	0
1864	1.981113	0
1870	1.980993	0
1876	1.980872	0
1882	1.980751	0
1888	1.980631	0
1894	1.98051		0
1900	1.980389	0
1906	1.980268	0
1912	1.980147	0
1918	1.980025	0
1924	1.979904	0
1930	1.979782	0
1936	1.979661	0
1942	1.979539	0
1948	1.979417	0
1954	1.979295	0
1960	1.979173	0
1966	1.979051	0
1972	1.978929	0
1978	1.978806	0
1984	1.978683	0
1990	1.978561	0
1996	1.978438	0
2002	1.978315	0
2008	1.978192	0
2014	1.978068	0
2020	1.977945	0
2026	1.977821	0
2032	1.977697	0
2038	1.977573	0
2044	1.977449	0
2050	1.977325	0
2056	1.977201	0
2062	1.977076	0
2068	1.976951	0
2074	1.976826	0
2080	1.976701	0
2086	1.976576	0
2092	1.976451	0
2098	1.976325	0
2104	1.976199	0
2110	1.976073	0
2116	1.975947	0
2122	1.975821	0
2128	1.975695	0
2134	1.975568	0
2140	1.975441	0
2146	1.975314	0
2152	1.975187	0
2158	1.975059	0
2164	1.974932	0
2170	1.974804	0
2176	1.974676	0
2182	1.974548	0
2188	1.974419	0
2194	1.974291	0
2200	1.974162	0
2206	1.974033	0
2212	1.973904	0
2218	1.973775	0
2224	1.973645	0
2230	1.973515	0
2236	1.973385	0
2242	1.973255	0
2248	1.973125	0
2254	1.972994	0
2260	1.972863	0
2266	1.972732	0
2272	1.972601	0
2278	1.972469	0
2284	1.972338	0
2290	1.972206	0
2296	1.972074	0
2302	1.971941	0
2308	1.971809	0
2314	1.971676	0
2320	1.971543	0
2326	1.97141		0
2332	1.971276	0
2338	1.971142	0
2344	1.971009	0
2350	1.970874	0
2356	1.97074		0
2362	1.970605	0
2368	1.970471	0
2374	1.970335	0
2380	1.9702		0
2386	1.970065	0
2392	1.969929	0
2398	1.969793	0
2404	1.969657	0
2410	1.96952		0
2416	1.969383	0
2422	1.969246	0
2428	1.969109	0
2434	1.968972	0
2440	1.968834	0
2446	1.968696	0
2452	1.968558	0
2458	1.968419	0
2464	1.968281	0
2470	1.968142	0
2476	1.968003	0
2482	1.967863	0
2488	1.967724	0
2494	1.967584	0
2500	1.967444	0
